400
400
400
400
401
401
401
401
414
414
434
434
272
464
431
1220
1220
1220
1220
1216
1216
1216
1216
1218
1218
1218
1217
1217
1219
1134
1134
1134
1134
1121
1121
1121
1121
1094
1094
1094
1097
1097
1097
1092
1116
1175
1168
1257
1257
1257
1
1
1
1
1
1
15
15
15
15
